06 
53 62 
64 75 59 
38 77 57 37 
30 48 46 00 26 
14 84 09 72 06 83 
67 15 30 57 64 33 71 
80 70 92 13 24 35 08 10 
05 74 09 52 48 55 73 35 11 
90 46 73 23 96 20 29 60 83 18 
14 35 51 02 11 00 94 16 80 67 29 
96 87 12 36 62 25 10 66 72 53 00 62 
07 40 78 41 13 92 45 34 51 02 28 26 68 
15 23 74 47 08 26 13 62 66 72 81 75 19 59 
08 73 79 28 62 61 11 36 01 13 24 18 83 54 54 
58 20 31 45 96 06 06 33 57 72 13 79 59 86 93 86 
58 14 57 41 82 91 29 11 35 78 46 08 97 67 52 41 40 
20 26 66 13 98 49 53 11 87 09 13 05 91 04 79 52 96 15 
10 90 86 27 05 80 51 20 06 31 66 32 80 01 09 24 77 40 94 
83 35 43 93 22 30 53 60 36 39 27 71 67 39 52 67 11 49 96 59 
